93.155
87.847
83.421
77.909
73.494
69.314
68.142
67.32
65.325
64.281
62.157
60.781
60.305
60.123
59.908
59.541
59.173
59.173
58.987
58.547
58.53
58.172
57.847
57.432
56.366
56.118
54.954
54.335
54.317
53.82
53.542
53.095
52.567
52.473
52.245
52.207
51.458
51.284
50.934
50.64
50.087
49.548
49.326
49.306
49.205
48.718
48.718
48.369
47.351
47.246
46.801
46.674
46.631
46.588
46.202
46.181
45.9
45.726
45.267
45.223
44.648
44.267
44.267
43.906
43.747
43.405
42.967
42.759
42.689
42.22
42.173
42.031
41.865
41.579
41.315
41.049
41.001
40.952
40.855
40.758
40.611
40.562
40.242
40.217
40.168
40.068
39.719
39.594
39.569
39.367
39.215
39.012
38.986
38.447
38.317
37.583
37.477
37.344
37.291
37.05
37.05
36.889
36.835
36.808
36.699
36.699
36.564
35.932
35.794
35.375
35.262
35.205
34.75
34.636
34.578
34.434
34.376
34.347
34.231
34.173
33.939
33.91
33.91
33.851
33.822
33.734
33.586
33.556
33.258
33.199
33.079
33.018
32.867
32.837
32.746
32.716
32.594
32.563
32.563
32.533
32.41
32.349
32.318
32.256
32.195
32.071
31.947
31.853
31.853
31.822
31.79
31.759
31.728
31.634
31.571
31.318
31.158
31.126
31.03
30.902
30.837
30.837
30.805
30.773
30.578
30.578
30.481
30.251
30.185
30.152
29.954
29.787
29.485
29.35
29.316
29.282
29.214
29.18
29.112
29.043
29.009
28.906
28.837
28.803
28.629
28.42
28.174
27.926
27.926
27.926
27.89
27.783
27.675
27.64
27.604
27.531
27.35
27.314
27.314
27.314
27.204
27.204
27.058
27.021
27.021
26.947
26.91
26.836
26.836
26.836
26.613
26.463
26.388
26.388
25.893
25.739
25.623
25.545
25.545
25.545
25.467
25.428
25.31
25.31
25.192
25.113
25.113
25.073
25.033
24.954
24.874
24.874
24.834
24.794
24.794
24.714
24.673
24.471
24.349
24.308
24.308
24.226
24.02
23.978
23.77
23.602
23.305
23.176
23.004
22.917
22.874
22.787
22.787
22.435
22.346
22.302
22.212
22.032
22.032
21.987
21.851
21.805
21.714
21.714
21.298
21.251
21.204
20.968
20.921
20.825
20.778
20.633
20.585
20.44
20.44
20.391
20.342
20.342
20.244
20.244
20.195
19.947
19.947
19.947
19.897
19.897
19.847
19.696
19.696
19.391
19.391
19.391
19.236
19.185
19.081
19.081
19.028
18.976
18.712
18.712
18.659
18.659
18.552
18.39
18.336
18.282
18.282
18.227
18.173
18.118
18.008
17.952
17.897
17.841
17.785
17.729
17.729
17.617
17.617
17.56
17.447
17.332
17.101
17.101
17.101
17.043
17.043
16.867
16.808
16.808
16.808
16.748
16.748
16.689
16.629
16.629
16.569
16.449
16.449
16.388
16.388
16.205
16.082
16.082
15.958
15.895
15.833
15.77
15.706
15.643
15.643
15.451
15.451
15.126
15.06
14.994
14.927
14.793
14.793
14.726
14.726
14.658
14.59
14.59
14.522
14.522
14.522
14.522
14.453
14.245
14.245
14.245
14.034
13.82
13.675
13.675
13.675
13.529
13.455
13.455
13.455
13.381
13.381
13.231
13.156
13.08
13.004
12.927
12.85
12.85
12.694
12.694
12.537
12.457
12.457
12.377
12.296
12.296
12.215
12.215
12.133
12.051
11.885
11.885
11.801
11.716
11.716
11.716
11.716
11.631
11.459
11.459
11.459
11.459
11.284
11.195
11.106
11.016
11.016
11.016
11.016
10.925
10.925
10.925
10.834
10.834
10.834
10.649
10.649
10.649
10.555
10.555
10.555
10.555
10.555
10.46
10.365
10.365
10.365
10.365
10.268
10.268
10.268
10.073
10.073
10.073
9.8733
9.8733
9.8733
9.8733
9.772
9.772
9.772
9.772
9.772
9.772
9.772
9.772
9.5663
9.5663
9.5663
9.4617
9.4617
9.4617
9.356
9.1409
9.1409
9.0314
9.0314
9.0314
8.8084
8.8084
8.8084
8.8084
8.6947
8.5796
8.5796
8.5796
8.5796
8.4628
8.4628
8.4628
8.4628
8.4628
8.3445
8.3445
8.2244
8.2244
8.2244
8.2244
8.1026
8.1026
8.1026
8.1026
7.9788
7.9788
7.9788
7.9788
7.8532
7.8532
7.8532
7.7255
7.7255
7.7255
7.7255
7.7255
7.5956
7.5956
7.5956
7.5956
7.5956
7.5956
7.4635
7.4635
7.4635
7.4635
7.329
7.329
7.329
7.192
7.192
7.192
7.0524
7.0524
7.0524
7.0524
6.9099
6.9099
6.9099
6.7644
6.7644
6.7644
6.7644
6.7644
6.7644
6.7644
6.6157
6.6157
6.6157
6.6157
6.6157
6.6157
6.6157
6.6157
6.6157
6.4636
6.4636
6.4636
6.3078
6.3078
6.3078
6.3078
6.3078
6.3078
6.3078
6.1481
6.1481
6.1481
6.1481
5.9841
5.9841
5.9841
5.9841
5.9841
5.9841
5.9841
5.9841
5.9841
5.9841
5.8155
5.8155
5.8155
5.8155
5.8155
5.8155
5.8155
5.8155
5.6419
5.6419
5.6419
5.6419
5.6419
5.6419
5.6419
5.6419
5.6419
5.6419
5.6419
5.4627
5.4627
5.4627
5.4627
5.4627
5.2775
5.2775
5.2775
5.2775
5.2775
5.2775
5.2775
5.2775
5.2775
5.2775
5.2775
5.0855
5.0855
5.0855
5.0855
5.0855
5.0855
5.0855
5.0855
5.0855
5.0855
4.886
4.886
4.886
4.886
4.886
4.886
4.886
4.886
4.886
4.886
4.678
4.678
4.678
4.678
4.678
4.678
4.678
4.4603
4.4603
4.4603
4.4603
4.4603
4.4603
4.4603
