80.545
78.835
77.602
75.074
67.201
66.964
65.583
64.713
62.061
61.53
59.122
57.967
53.038
52.264
50.718
50.324
50.126
49.967
48.06
47.748
46.417
46.181
45.091
45.003
44.648
44.29
44.245
43.588
42.851
42.314
42.149
41.889
41.651
41.483
41.387
41.17
41.146
41.146
40.855
40.513
40.044
39.944
39.944
39.569
39.342
37.873
37.61
37.557
37.424
37.291
37.157
34.865
34.808
34.722
34.521
34.521
33.939
33.881
33.675
33.467
33.318
33.018
32.837
32.776
32.655
32.563
32.472
32.287
32.164
32.133
31.853
31.571
31.539
31.444
31.444
31.381
31.254
31.222
31.222
31.158
31.062
30.773
30.643
30.578
30.415
30.317
30.317
30.152
29.687
29.586
29.452
29.384
29.316
29.214
28.941
28.768
28.699
28.664
28.595
28.56
28.525
28.103
27.962
27.819
27.604
27.567
27.531
27.35
27.131
26.91
26.836
26.65
26.538
26.5
26.463
26.463
26.425
26.388
26.388
26.35
26.35
26.236
26.236
26.198
26.122
26.084
26.046
25.97
25.893
25.854
25.661
25.467
25.349
25.31
25.271
25.192
25.113
24.954
24.874
24.834
24.754
24.633
24.633
24.592
24.592
24.511
24.43
24.389
24.349
24.185
24.061
24.02
23.895
23.728
23.644
23.56
23.56
23.517
23.475
23.305
23.047
22.917
22.917
22.874
22.831
22.743
22.612
22.346
22.346
22.212
22.212
22.077
22.032
21.942
21.896
21.714
21.714
21.714
21.668
21.668
21.437
21.437
21.437
21.344
21.298
21.251
21.204
21.157
21.11
21.063
20.968
20.825
20.825
20.825
20.778
20.73
20.633
20.537
20.44
20.44
20.391
20.195
20.146
20.096
20.047
19.997
19.997
19.797
19.747
19.696
19.595
19.544
19.544
19.544
19.493
19.391
19.236
19.185
19.133
19.133
18.659
18.605
18.605
18.498
18.444
18.173
18.173
18.118
17.729
17.729
17.673
17.673
17.56
17.504
17.389
17.217
16.984
16.926
16.808
16.808
16.748
16.689
16.689
16.629
16.629
16.569
16.449
16.449
16.449
16.388
16.388
16.388
16.266
16.082
16.02
15.958
15.706
15.643
15.515
15.515
15.451
15.386
15.322
15.322
15.257
15.257
15.257
15.191
15.126
15.06
15.06
15.06
14.86
14.86
14.793
14.793
14.726
14.726
14.658
14.59
14.522
14.453
14.453
14.453
14.384
14.315
14.315
14.245
14.245
14.175
14.105
14.105
14.034
14.034
13.892
13.892
13.892
13.82
13.675
13.675
13.455
13.455
13.381
13.381
13.306
13.306
13.231
13.231
13.231
13.156
13.08
13.08
13.004
13.004
12.772
12.694
12.694
12.537
12.537
12.537
12.537
12.296
12.296
12.215
12.133
12.051
11.968
11.968
11.968
11.968
11.885
11.716
11.716
11.716
11.545
11.545
11.545
11.459
11.459
11.459
11.459
11.459
11.459
11.459
11.372
11.284
11.284
11.106
11.106
11.016
10.925
10.925
10.925
10.925
10.925
10.834
10.742
10.742
10.649
10.649
10.555
10.555
10.46
10.46
10.365
10.365
10.365
10.365
10.268
10.268
10.268
10.268
10.171
10.171
10.073
10.073
9.9736
9.9736
9.9736
9.9736
9.9736
9.8733
9.8733
9.8733
9.8733
9.772
9.772
9.772
9.772
9.6697
9.6697
9.6697
9.6697
9.5663
9.5663
9.5663
9.5663
9.5663
9.4617
9.4617
9.356
9.356
9.356
9.356
9.356
9.356
9.2491
9.2491
9.2491
9.2491
9.2491
9.1409
9.0314
9.0314
8.8084
8.8084
8.8084
8.8084
8.8084
8.8084
8.6947
8.6947
8.6947
8.6947
8.6947
8.5796
8.5796
8.5796
8.5796
8.5796
8.5796
8.5796
8.5796
8.5796
8.5796
8.4628
8.4628
8.4628
8.4628
8.4628
8.4628
8.3445
8.3445
8.3445
8.3445
8.2244
8.2244
8.2244
8.2244
8.2244
8.1026
8.1026
8.1026
8.1026
8.1026
8.1026
8.1026
8.1026
7.9788
7.9788
7.9788
7.9788
7.8532
7.8532
7.8532
7.8532
7.8532
7.7255
7.7255
7.7255
7.7255
7.7255
7.7255
7.7255
7.7255
7.7255
7.7255
7.7255
7.5956
7.5956
7.5956
7.5956
7.5956
7.5956
7.5956
7.5956
7.4635
7.4635
7.4635
7.4635
7.4635
7.329
7.329
7.329
7.329
7.329
7.192
7.192
7.192
7.192
7.192
7.192
7.192
7.192
7.192
7.192
7.192
7.0524
7.0524
7.0524
7.0524
7.0524
7.0524
6.9099
6.9099
6.9099
6.9099
6.9099
6.9099
6.7644
6.7644
6.7644
6.7644
6.7644
6.7644
6.7644
6.7644
6.7644
6.7644
6.6157
6.6157
6.6157
6.6157
6.6157
6.6157
6.6157
6.6157
6.4636
6.4636
6.4636
6.4636
6.4636
6.4636
6.4636
6.4636
6.4636
6.4636
6.3078
6.3078
6.3078
6.3078
6.3078
6.3078
6.3078
6.3078
6.3078
6.3078
6.3078
6.3078
6.3078
6.3078
6.3078
6.3078
6.1481
6.1481
6.1481
6.1481
6.1481
6.1481
6.1481
6.1481
6.1481
6.1481
5.9841
5.9841
5.9841
5.9841
5.9841
5.9841
5.9841
5.9841
5.9841
5.9841
5.9841
5.9841
5.9841
5.9841
5.8155
5.8155
5.8155
5.8155
5.8155
5.8155
5.8155
5.8155
5.8155
5.8155
5.8155
5.8155
5.6419
5.6419
5.6419
5.6419
5.6419
5.6419
5.6419
5.6419
5.6419
5.6419
5.6419
5.6419
5.6419
5.4627
5.4627
5.4627
5.4627
5.4627
5.4627
5.4627
5.4627
5.4627
5.4627
5.4627
5.4627
5.4627
5.2775
5.2775
5.2775
5.2775
5.2775
5.2775
5.2775
5.2775
5.2775
5.2775
5.2775
5.2775
5.2775
5.2775
5.0855
5.0855
5.0855
5.0855
5.0855
5.0855
5.0855
5.0855
5.0855
5.0855
5.0855
5.0855
5.0855
5.0855
4.886
4.886
4.886
4.886
4.886
4.886
4.886
4.886
4.886
4.886
4.886
4.678
4.678
4.678
4.678
4.678
4.678
4.678
4.678
4.678
4.678
4.678
4.678
4.678
4.678
4.678
4.678
4.4603
4.4603
4.4603
4.4603
4.4603
4.4603
4.4603
4.4603
4.4603
4.4603
4.4603
4.4603
4.4603
4.4603
