129.96
119.43
101
93.134
74.315
71.476
71.184
69.772
68.998
68.666
68.622
64.235
62.936
62.237
62.205
61.594
60.667
60.618
59.858
59.825
58.852
57.605
56.136
55.888
54.918
53.986
53.949
53.375
52.7
52.643
51.824
51.651
51.187
50.679
50.285
50.126
49.828
49.748
49.648
49.447
49.387
49.367
48.39
48.039
47.623
47.456
47.393
47.14
46.759
46.631
46.224
46.159
45.835
45.245
44.803
44.312
43.861
43.519
43.428
42.502
42.173
42.078
41.984
41.984
41.579
41.483
41.122
41.074
40.879
40.684
40.562
40.513
40.414
40.316
40.291
39.669
39.291
39.012
38.884
38.679
37.768
37.636
37.184
37.131
37.077
37.023
36.727
36.536
36.427
36.291
36.098
35.738
35.682
35.515
35.375
35.149
34.95
34.836
34.75
34.722
34.521
34.463
34.405
34.26
34.144
33.969
33.969
33.675
33.527
33.437
33.437
33.408
33.348
33.229
33.018
32.898
32.716
32.685
32.472
32.133
32.071
31.978
31.759
31.728
31.634
31.571
31.318
31.286
31.062
30.998
30.805
30.805
30.448
30.317
30.251
30.152
29.987
29.954
29.854
29.687
29.586
29.485
29.418
29.35
29.282
29.078
28.906
28.768
28.768
28.734
28.734
28.629
28.525
28.35
28.245
28.209
28.174
28.068
27.997
27.855
27.711
27.711
27.675
27.675
27.386
27.35
27.241
27.168
27.021
27.021
26.873
26.873
26.725
26.687
26.65
26.5
26.5
26.388
26.312
26.274
26.274
26.274
26.236
26.16
26.084
26.008
25.97
25.931
25.7
25.545
25.467
25.467
25.349
25.271
25.192
25.152
25.073
24.994
24.914
24.592
24.552
24.511
24.308
24.267
24.226
24.061
24.02
23.978
23.937
23.937
23.686
23.602
23.602
23.56
23.517
23.39
23.39
23.39
23.305
23.262
23.133
23.09
22.874
22.787
22.787
22.523
22.523
22.523
22.302
22.302
22.212
22.167
22.077
21.942
21.851
21.805
21.76
21.714
21.668
21.668
21.668
21.53
21.484
21.391
21.344
21.251
21.11
21.063
21.016
20.921
20.873
20.825
20.778
20.73
20.73
20.682
20.682
20.633
20.633
20.537
20.391
20.391
20.195
20.146
20.146
20.096
20.047
19.897
19.897
19.847
19.797
19.696
19.696
19.544
19.493
19.493
19.442
19.442
19.391
19.288
19.081
19.081
19.028
18.976
18.871
18.871
18.871
18.818
18.765
18.765
18.765
18.605
18.552
18.336
18.336
18.282
18.063
17.841
17.841
17.785
17.729
17.673
17.617
17.332
17.332
17.159
17.159
17.101
16.984
16.984
16.926
16.808
16.748
16.748
16.689
16.629
16.569
16.569
16.569
16.509
16.509
16.449
16.449
16.388
16.388
16.327
16.266
16.205
16.205
16.144
16.144
16.144
16.02
15.958
15.895
15.895
15.833
15.77
15.706
15.706
15.643
15.579
15.515
15.451
15.386
15.257
15.191
15.191
15.126
15.126
15.126
15.06
15.06
14.927
14.927
14.86
14.793
14.726
14.59
14.522
14.522
14.453
14.384
14.315
14.315
14.315
14.175
14.175
14.175
14.105
14.105
14.105
14.105
14.034
13.892
13.82
13.82
13.82
13.748
13.748
13.675
13.602
13.529
13.529
13.455
13.455
13.306
13.306
13.156
13.156
13.08
13.08
13.004
13.004
12.927
12.927
12.85
12.772
12.772
12.772
12.694
12.616
12.616
12.537
12.537
12.457
12.457
12.457
12.377
12.377
12.296
12.296
12.296
12.215
12.215
12.215
12.133
12.133
12.051
11.968
11.968
11.968
11.968
11.968
11.885
11.885
11.801
11.801
11.716
11.716
11.631
11.545
11.545
11.545
11.459
11.372
11.372
11.284
11.284
11.284
11.195
11.195
11.195
11.195
11.195
11.106
11.106
11.106
11.016
11.016
11.016
11.016
10.925
10.925
10.925
10.925
10.834
10.834
10.742
10.649
10.649
10.649
10.649
10.555
10.555
10.46
10.46
10.46
10.365
10.365
10.365
10.268
10.268
10.171
10.171
10.073
9.9736
9.9736
9.9736
9.9736
9.9736
9.8733
9.8733
9.8733
9.8733
9.772
9.772
9.772
9.6697
9.6697
9.6697
9.6697
9.6697
9.5663
9.4617
9.4617
9.4617
9.4617
9.356
9.356
9.356
9.356
9.356
9.2491
9.2491
9.2491
9.1409
9.1409
9.1409
9.1409
9.1409
9.0314
9.0314
9.0314
8.9206
8.9206
8.8084
8.8084
8.8084
8.8084
8.8084
8.6947
8.6947
8.5796
8.5796
8.5796
8.5796
8.5796
8.5796
8.5796
8.4628
8.4628
8.4628
8.4628
8.4628
8.4628
8.3445
8.3445
8.3445
8.2244
8.2244
8.2244
8.2244
8.2244
8.2244
8.1026
8.1026
8.1026
8.1026
7.9788
7.9788
7.9788
7.9788
7.9788
7.9788
7.8532
7.8532
7.8532
7.8532
7.8532
7.8532
7.8532
7.8532
7.7255
7.7255
7.7255
7.7255
7.5956
7.5956
7.5956
7.5956
7.5956
7.4635
7.4635
7.4635
7.4635
7.4635
7.4635
7.4635
7.4635
7.329
7.329
7.329
7.329
7.329
7.329
7.329
7.329
7.192
7.192
7.192
7.192
7.0524
7.0524
7.0524
7.0524
7.0524
6.9099
6.9099
6.9099
6.9099
6.9099
6.9099
6.9099
6.9099
6.9099
6.9099
6.7644
6.7644
6.7644
6.7644
6.7644
6.7644
6.7644
6.7644
6.7644
6.6157
6.6157
6.6157
6.6157
6.6157
6.6157
6.6157
6.4636
6.4636
6.4636
6.4636
6.4636
6.4636
6.4636
6.3078
6.3078
6.3078
6.3078
6.3078
6.3078
6.3078
6.3078
6.3078
6.3078
6.3078
6.3078
6.3078
6.3078
6.3078
6.1481
6.1481
6.1481
6.1481
6.1481
6.1481
6.1481
6.1481
6.1481
6.1481
6.1481
6.1481
5.9841
5.9841
5.9841
5.9841
5.9841
5.9841
5.9841
5.9841
5.9841
5.9841
5.9841
5.8155
5.8155
5.8155
5.8155
5.8155
5.8155
5.8155
5.8155
5.8155
5.8155
5.8155
5.8155
5.6419
5.6419
5.6419
5.6419
5.6419
5.6419
5.6419
5.6419
5.6419
5.6419
5.6419
5.6419
5.6419
5.6419
5.6419
5.6419
5.6419

